40.725675 4.553962 4.553925 12.667763 24.838162 7.202025 7.202025 20.611425 0.0
15.945338 2.222138 2.222138 6.119025 11.964750 2.886675 2.886713 8.110275 0.0
15.615263 2.024025 2.023988 5.547487 10.839713 2.821237 2.821087 7.935337 0.0
15.615263 2.024025 2.024025 5.547487 10.839713 2.821200 2.821050 7.935337 0.0
15.615263 2.024025 2.024025 5.547487 10.839713 2.821237 2.821087 7.935337 0.0
6.805087 1.078050 1.078050 2.882175 5.595637 1.279837 1.279837 3.486862 0.0
5.151825 0.827400 0.827063 2.138362 4.103212 1.002000 1.001812 2.663850 0.0
5.151675 0.827288 0.827063 2.138400 4.103212 1.002000 1.001812 2.663850 0.0
5.151713 0.827250 0.827063 2.138400 4.103212 1.002038 1.001850 2.663850 0.0
6.378487 1.065450 1.065225 2.773575 5.329988 1.240050 1.239937 3.297825 0.0
14.927100 2.314987 2.315100 6.521700 12.830100 2.665763 2.665763 7.570200 0.0
14.927100 2.315025 2.315062 6.521700 12.830100 2.665763 2.665763 7.570200 0.0
14.927138 2.314987 2.315062 6.521700 12.830100 2.665763 2.665800 7.570200 0.0
18.551288 2.968650 2.968725 8.363062 16.454287 3.319163 3.319125 9.411563 0.0
38.514450 6.042600 6.042413 17.550900 34.844625 6.654187 6.654112 19.385775 0.0
38.514375 6.042675 6.042375 17.550900 34.844625 6.654150 6.654075 19.385775 0.0
38.514375 6.042675 6.042375 17.550900 34.844662 6.654150 6.654075 19.385813 0.0
47.967075 7.700025 7.700025 22.318275 44.297362 8.311687 8.311725 24.153150 0.0
93.981150 14.969363 14.969400 44.147662 87.952125 15.974175 15.974213 47.162138 0.0
93.981037 14.969400 14.969400 44.147662 87.952088 15.974213 15.974175 47.162100 0.0
93.981037 14.969363 14.969400 44.147662 87.952125 15.974175 15.974175 47.162100 0.0
187.962074 29.9388 29.9388 88.295324 175.90425 31.948426 31.948426 94.324276 0.0
