1.086015 0.121437 0.121436 0.337805 0.662350 0.192052 0.192052 0.549636 0.0
0.425203 0.059251 0.059251 0.163168 0.319055 0.076974 0.076974 0.216268 0.0
0.416402 0.053968 0.053967 0.147924 0.289054 0.075228 0.075224 0.211602 0.0
0.416402 0.053968 0.053968 0.147925 0.289054 0.075228 0.075223 0.211601 0.0
0.416402 0.053968 0.053968 0.147925 0.289054 0.075229 0.075224 0.211601 0.0
0.181461 0.028740 0.028740 0.076849 0.149209 0.034121 0.034121 0.092973 0.0
0.137373 0.022056 0.022046 0.057018 0.109409 0.026712 0.026707 0.071031 0.0
0.137369 0.022052 0.022046 0.057017 0.109409 0.026711 0.026706 0.071031 0.0
0.137369 0.022052 0.022047 0.057018 0.109409 0.026712 0.026706 0.071030 0.0
0.170084 0.028404 0.028397 0.073957 0.142123 0.033060 0.033056 0.087936 0.0
0.398048 0.061727 0.061729 0.173907 0.342126 0.071082 0.071082 0.201867 0.0
0.398047 0.061728 0.061729 0.173907 0.342127 0.071082 0.071082 0.201867 0.0
0.398048 0.061727 0.061729 0.173907 0.342127 0.071082 0.071082 0.201867 0.0
0.494692 0.079156 0.079158 0.223007 0.438771 0.088502 0.088502 0.250967 0.0
1.027047 0.161127 0.161122 0.468018 0.929186 0.177435 0.177433 0.516950 0.0
1.027046 0.161129 0.161121 0.468018 0.929186 0.177435 0.177433 0.516950 0.0
1.027046 0.161129 0.161121 0.468019 0.929186 0.177434 0.177433 0.516950 0.0
1.279117 0.205325 0.205325 0.595148 1.181257 0.221636 0.221636 0.644079 0.0
2.506104 0.399175 0.399175 1.177274 2.345332 0.425970 0.425970 1.257661 0.0
2.506102 0.399175 0.399175 1.177274 2.345332 0.425970 0.425970 1.257661 0.0
2.506102 0.399176 0.399176 1.177274 2.345332 0.425970 0.425970 1.257661 0.0
5.012204 0.798352 0.798352 2.354482 4.690664 0.425970 0.851940 2.515322 0.0
