0.3268636 0.4453532 0.8025716 1.5161336 0.3271891 0.4456787 0.8035482 1.5180868 
0.2008870 0.2822571 0.4987793 0.9456177 0.2012126 0.2825826 0.4997559 0.9475708 
0.1234589 0.1675873 0.3035736 0.5737457 0.1239471 0.1680756 0.3050385 0.5766754 0.0111237 
0.1234589 0.1675873 0.3035736 0.5737457 0.1239471 0.1680756 0.3050385 0.5766754 0.0111237 
0.1234589 0.1675873 0.3035736 0.5737457 0.1239471 0.1680756 0.3050385 0.5766754 0.0111237 
0.0767873 0.1065826 0.1920827 0.3650258 0.0772756 0.1070709 0.1935476 0.3679555 
0.0456543 0.0609538 0.1129557 0.2139079 0.0463053 0.0616048 0.1149089 0.2178141 0.0039876 
0.0456543 0.0609538 0.1129557 0.2139079 0.0463053 0.0616048 0.1149089 0.2178141 0.0039876 
0.0456543 0.0609538 0.1129557 0.2139079 0.0463053 0.0616048 0.1149089 0.2178141 0.0039876 
0.0303955 0.0413818 0.0750732 0.1420898 0.0310465 0.0420329 0.0770264 0.1459961 
0.0281169 0.0334880 0.0722249 0.1383870 0.0294189 0.0347900 0.0761312 0.1461995 0.0019938 
0.0281169 0.0334880 0.0722249 0.1383870 0.0294189 0.0347900 0.0761312 0.1461995 0.0019938 
0.0281169 0.0334880 0.0722249 0.1383870 0.0294189 0.0347900 0.0761312 0.1461995 0.0019938 
0.0331217 0.0405070 0.0811361 0.1531576 0.0344238 0.0418091 0.0850423 0.1609701 
0.0560404 0.0620219 0.1469014 0.2831930 0.0583191 0.0643005 0.1537374 0.2968648 0.0034892 
0.0560404 0.0620219 0.1469014 0.2831930 0.0583191 0.0643005 0.1537374 0.2968648 0.0034892 
0.0560404 0.0620219 0.1469014 0.2831930 0.0583191 0.0643005 0.1537374 0.2968648 0.0034892 
0.0486247 0.0488078 0.1309408 0.2544149 0.0509033 0.0510864 0.1377767 0.2680868 
0.0664469 0.0524089 0.1876424 0.3694356 0.0701904 0.0561523 0.1988729 0.3918966 0.0018717 
0.0664469 0.0524089 0.1876424 0.3694356 0.0701904 0.0561523 0.1988729 0.3918966 0.0018717 
0.0664469 0.0524089 0.1876424 0.3694356 0.0701904 0.0561523 0.1988729 0.3918966 0.0018717 
0.0897319 0.0692851 0.2502340 0.4909871 0.0934753 0.0730286 0.2614644 0.5134481 
